Name: double logistic
Description:
Functional analysis of the double logistic function.

Run time(min): 51
Number of parameter sets: 396000
Parameter Range: 
median_asc	1  -  5
slope_asc	0.1  -  0.3
median_desc	5  -  10
slope_desc	0.1  -  0.3
	1  -  10
Infinitesimal Step: 
median_asc	0.5
slope_asc	0.01
median_desc	0.5
slope_desc	0.01
	1
Continuous: 1
Function Stochasticity: 1.29782
Derivative Stochasticity of "median_asc": 0.729733
Derivative Stochasticity of "slope_asc": 0.566351
Derivative Stochasticity of "median_desc": 1.07364
Derivative Stochasticity of "slope_desc": 1.16841
Derivative Stochasticity of "": 0.747296

Covariance:
lower bounds:
-2.002110e+02    7.496605e+01    -9.738752e+02    -2.195671e+01    -1.933651e+02    
7.496605e+01    -2.461449e+01    4.000278e+02    6.086550e+00    7.802393e+01    
-9.738752e+02    4.000278e+02    -5.528577e+03    -9.239143e+01    -9.575272e+02    
-2.195671e+01    6.086550e+00    -9.239143e+01    -1.963777e+00    -2.216504e+01    
-1.933651e+02    7.802393e+01    -9.575272e+02    -2.216504e+01    -1.907105e+02    

central bounds:
-2.002110e+02    7.496605e+01    -9.738752e+02    -2.195671e+01    -1.933651e+02    
7.496605e+01    -2.461449e+01    4.000278e+02    6.086550e+00    7.802393e+01    
-9.738752e+02    4.000278e+02    -5.528577e+03    -9.239143e+01    -9.575272e+02    
-2.195671e+01    6.086550e+00    -9.239143e+01    -1.963777e+00    -2.216504e+01    
-1.933651e+02    7.802393e+01    -9.575272e+02    -2.216504e+01    -1.907105e+02    

upper bounds:
-4.916933e+03    -7.817243e+04    1.482825e+03    -3.205965e+01    1.168498e+01    
-7.817243e+04    -1.290699e+06    -2.224852e+03    1.287004e+02    5.291992e+00    
1.482825e+03    -2.224852e+03    -1.315496e+04    3.316382e+02    9.431264e+00    
-3.205965e+01    1.287004e+02    3.316382e+02    -8.171446e+00    -1.632033e-01    
1.168498e+01    5.291992e+00    9.431264e+00    -1.632033e-01    8.585796e-02    


Correlation:
lower bounds:
-4.994730e-03    1.521198e-02    -8.798364e-04    -5.584538e-02    -5.064255e-03    
1.521198e-02    -4.062648e-02    2.939584e-03    1.259181e-01    1.662120e-02    
-8.798364e-04    2.939584e-03    -1.808784e-04    -8.509934e-03    -9.081615e-04    
-5.584538e-02    1.259181e-01    -8.509934e-03    -5.092229e-01    -5.918365e-02    
-5.064255e-03    1.662120e-02    -9.081615e-04    -5.918365e-02    -5.243549e-03    

central bounds:
-4.994730e-03    1.521198e-02    -8.798364e-04    -5.584538e-02    -5.064255e-03    
1.521198e-02    -4.062648e-02    2.939584e-03    1.259181e-01    1.662120e-02    
-8.798364e-04    2.939584e-03    -1.808784e-04    -8.509934e-03    -9.081615e-04    
-5.584538e-02    1.259181e-01    -8.509934e-03    -5.092229e-01    -5.918365e-02    
-5.064255e-03    1.662120e-02    -9.081615e-04    -5.918365e-02    -5.243549e-03    

upper bounds:
-2.033788e-04    -1.231783e-05    2.292481e-05    -7.979314e-04    -2.767918e-02    
-1.231783e-05    -7.747740e-07    -1.310347e-07    1.220271e-05    -4.775443e-05    
2.292481e-05    -1.310347e-07    -7.601693e-05    3.085147e-03    -8.350253e-03    
-7.979314e-04    1.220271e-05    3.085147e-03    -1.223774e-01    2.326212e-01    
-2.767918e-02    -4.775443e-05    -8.350253e-03    2.326212e-01    1.164714e+01    
