Name: bh_alpha_beta_recruitment
Description:
Functional analysis of the alpha beta formulation for Beverton-Holt recruitment.

Run time(seconds): 45
Number of parameter sets: 24354030
Parameter Range: 
alpha          1     -   10  
beta           1     -   10  
phi            0.5   -   1   
S              6000  -   10000
Infinitesimal Step: 
alpha	0.01
beta	0.01
phi	0.1
S	1000
Function is Continuous: TRUE
Function Stochasticity: 1.12403
Derivative Stochasticity of "alpha": 1.71975,	[ 0.0001 : 0.000166667 ]
Derivative Stochasticity of "beta": 2.09101,	[ -2.77778e-08 : -5e-09 ]
Derivative Stochasticity of "phi": 1.08443,	[ -1.0842e-19 : 1.0842e-19 ]
Derivative Stochasticity of "S": 2.09101,	[ 1.38889e-16 : 7.71605e-16 ]

Covariance:
lower bounds:
-4.500000e+03    -1.800000e+07    3.375000e+03    2.025000e+07    
-1.800000e+07    2.160000e+11    4.500001e+06    2.700000e+10    
3.375000e+03    4.500001e+06    -1.406250e+03    -8.437500e+06    
2.025000e+07    2.700000e+10    -8.437500e+06    -7.776001e+18    

central bounds:
-7.200000e+03    -1.800000e+07    3.600000e+03    2.160000e+07    
-1.800000e+07    1.350000e+11    4.500001e+06    2.700000e+10    
3.600000e+03    4.500001e+06    -1.350000e+03    -8.100000e+06    
2.160000e+07    2.700000e+10    -8.100000e+06    -4.860000e+18    

upper bounds:
-1.500000e+04    -5.000000e+07    6.250000e+03    3.750000e+07    
-5.000000e+07    5.000000e+11    1.250000e+07    7.500000e+10    
6.250000e+03    1.250000e+07    -2.187500e+03    -1.312500e+07    
3.750000e+07    7.500000e+10    -1.312500e+07    -1.080000e+19    


Correlation:
lower bounds:
-2.222222e-04    1.851852e-08    5.333333e-04    5.787036e-16    
1.851852e-08    4.629629e-12    -1.481481e-08    -1.607510e-20    
5.333333e-04    -1.481481e-08    -7.111111e-04    -7.716048e-16    
5.787036e-16    -1.607510e-20    -7.716048e-16    -1.286008e-19    

central bounds:
-1.388889e-04    1.851852e-08    3.703703e-04    6.172839e-16    
1.851852e-08    7.407407e-12    -2.469136e-08    -4.115226e-20    
3.703703e-04    -2.469136e-08    -7.407407e-04    -1.234568e-15    
6.172839e-16    -4.115226e-20    -1.234568e-15    -2.057613e-19    

upper bounds:
-6.666666e-05    6.666667e-09    1.904762e-04    2.314815e-16    
6.666667e-09    2.000000e-12    -1.142857e-08    -1.388889e-20    
1.904762e-04    -1.142857e-08    -4.571428e-04    -5.555555e-16    
2.314815e-16    -1.388889e-20    -5.555555e-16    -9.259259e-20    
